20150225a5
DG:         0.03 +-    22.80 kcal/mol     [  -37.54,    37.73] 
DH:         0.33 +-    58.19 kcal/mol     [  -94.62,    94.49] 
DH0:    900845625.23 +- 81468743.73 ucal         [737521896.23, 1060699484.97] 
Ls:      2163.49 +-   152.71 uM           [ 1877.74,  2473.42] 
P0:       262.89 +-    18.56 uM           [  228.17,   300.55] 
sigma:  259001439.47703 +- 65949502.82033 ucal/s^(1/2) [166131034.23670, 422267670.62478] 

