20150225a13
DG:         0.31 +-    22.86 kcal/mol     [  -37.93,    38.10] 
DH:        -0.03 +-    58.22 kcal/mol     [  -95.42,    95.22] 
DH0:    -822137828.83 +- 259196533.22 ucal         [-1324229334.33, -294323488.88] 
Ls:      2242.61 +-   157.96 uM           [ 1952.06,  2563.99] 
P0:       159.38 +-    11.23 uM           [  138.73,   182.22] 
sigma:  831209488.55540 +- 212021874.83173 ucal/s^(1/2) [539608772.25808, 1326865885.24837] 

