20150225a11
DG:         0.13 +-    22.79 kcal/mol     [  -37.93,    38.20] 
DH:         1.58 +-    57.65 kcal/mol     [  -94.04,    95.89] 
DH0:    -290237102.98 +- 54601680.62 ucal         [-398481654.40, -181984599.87] 
Ls:      1370.05 +-    95.62 uM           [ 1188.35,  1564.47] 
P0:       250.99 +-    17.52 uM           [  217.70,   286.60] 
sigma:  176675427.41455 +- 44847641.34752 ucal/s^(1/2) [114406813.80689, 289432468.08931] 

