20150225a7
DG:        -0.01 +-    23.06 kcal/mol     [  -37.91,    37.91] 
DH:        -0.03 +-    57.27 kcal/mol     [  -94.54,    95.43] 
DH0:    2125825910.89 +- 486634891.46 ucal         [1157833287.38, 3097257941.41] 
Ls:      2631.46 +-   180.65 uM           [ 2293.80,  3005.50] 
P0:       197.60 +-    13.57 uM           [  172.25,   225.69] 
sigma:  1544678333.73962 +- 395871466.85880 ucal/s^(1/2) [1000262716.41314, 2531522255.45660] 

